3793
2054
1259
589
1
2232
2093
1294
2253
924
780
788
1603
3409
1676
2628
1831
3438
223
1876
260
3484
2858
442
3660
1126
1136
2881
3698
480
2105
3863
1197
3897
2174
849
1391
3300
3160
3175
110
1584
1590
2396
3354
2700
2701
3510
2571
1917
1779
2722
1920
1921
1923
173
185
196
3555
24
2916
3578
504
360
512
2791
3745
1206
76
3753
1215
1073
1079
546
1097
1240
2997
588
1270
2078
1288
3039
3052
3210
1663
3421
3608
1883
2836
2108
1307
2302
3108
2321
3361
2746
3552
1961
357
2918
52
1060
1210
1080
2058
3798
585
586
587
5
3005
6
3006
7
1404
1407
1409
1265
733
1268
1269
590
736
593
595
597
1414
1271
742
3020
1422
2081
1284
1286
1290
762
3044
2243
2248
2249
778
2259
1457
1459
782
785
3203
3206
2405
2406
2262
2263
1461
1608
2266
2268
1466
799
1610
1614
3219
2272
1617
1477
2424
3081
1624
2427
1625
1480
1629
1483
951
1488
1633
2291
1635
2294
2295
1639
2296
1499
2443
1641
3246
1642
3247
1643
3248
2446
3249
1645
3252
3253
3255
3256
3257
2455
1653
3258
2456
3259
3261
3408
3263
1660
3269
994
3418
2616
2617
3274
1673
203
1674
207
1678
208
1821
3426
2624
1680
2629
2485
1683
215
216
1688
3436
2490
1834
2491
2492
222
1694
3299
2497
225
229
1845
230
231
236
237
2657
249
2801
2802
2803
2805
252
3614
2671
3476
1873
1875
261
265
266
3620
3623
2827
2829
1882
412
2686
1884
1885
2688
270
1888
277
278
2690
2692
2694
423
1894
1895
2699
1897
427
281
428
288
289
1100
2840
1101
2841
2849
432
292
296
440
3809
2861
1127
450
453
454
457
2872
603
605
608
468
3684
3685
3686
474
475
477
2890
3699
628
2100
2106
2107
490
491
2118
1179
648
2125
2126
1327
1183
800
802
804
1339
1193
661
2145
1343
2146
673
2153
1352
2155
1353
1354
1356
1357
1358
3100
3101
3102
1500
3107
2160
830
2166
2167
832
3113
3114
2316
2318
1370
1377
2320
2324
2329
1527
1381
852
3130
2331
2333
2335
2336
1392
1393
1396
866
1541
3147
3148
1544
2353
1552
2355
1554
1556
3301
2505
1704
1562
2369
1569
891
1711
3173
3174
100
1717
3176
1719
1573
3178
104
1721
1580
3186
3189
2387
1586
2389
1732
2391
1735
2539
1593
1594
125
1597
2546
1747
2551
3355
3358
1754
2558
140
141
144
3500
3501
3505
2706
2707
1907
2567
153
1911
1912
2570
1916
300
2719
1918
1777
161
165
168
2720
3524
2724
3528
3529
2581
3386
312
1784
316
2589
317
318
179
3534
3535
3536
322
1794
2599
329
186
11
337
16
339
17
194
18
195
19
198
1959
21
344
22
345
346
25
349
3705
3706
3708
2906
2908
2762
2763
3566
1966
32
356
34
36
39
3712
3717
2917
500
1035
1036
361
508
509
364
45
367
46
368
47
48
1041
1042
1043
371
518
50
376
377
378
1994
1057
524
1059
380
527
529
62
64
2002
1200
2942
1064
70
538
539
74
2012
2950
2952
1213
3755
2956
2959
2020
2023
2961
2025
2028
551
1088
92
95
3917
1092
1094
707
1095
708
562
1248
3794
3949
3951
3952
908
2639
3298
3456
3481
272
461
647
2346
3150
3318
3328
3357
2712
3515
3538
3568
43
515
3594
3747
2966
3910
3911
3915
3783
3930
1253
1258
1261
2064
3024
2080
1282
3035
2094
919
2407
3072
2279
1623
3083
2428
2287
2288
3099
968
2453
2454
2459
1690
2640
2641
2662
2664
2668
3471
3499
426
1125
2867
1129
3837
3697
1320
1321
1188
2130
1331
1332
1333
1334
1198
1342
1345
1350
3893
1371
1374
1375
1376
1387
858
3153
2352
2359
2363
2364
2366
1564
2377
2527
2529
2530
2532
2533
2553
2554
3504
3508
1909
2710
2716
2721
3527
2580
176
3545
1009
1947
332
1951
1019
1958
342
3701
3702
3703
2901
3704
1029
2912
2915
1974
1037
1982
1046
3732
2797
1997
1201
2941
2005
73
1214
1219
541
1220
1084
1234
2046
2986
1247
1249
2995
724
3948
912
1600
1644
220
253
407
273
3802
2898
2113
2120
1336
1341
671
2159
2327
2328
1388
2338
2367
2514
2393
1591
2548
1748
2560
3512
3513
160
172
330
3553
29
3709
1969
1970
1971
1972
1973
1976
1977
366
1986
1987
2792
2793
1992
382
1999
2003
3751
2026
3785
3932
3943
3018
902
2404
2451
2644
1128
1130
3826
3690
3865
3882
1348
328
2747
2770
3727
1049
3908
3916
1257
2088
3033
1297
2247
2261
2413
2423
2470
2478
3448
2804
435
449
1135
3821
2111
3868
2133
2134
2144
1394
2371
2372
2374
3177
2375
2378
3526
3385
3388
3398
1965
1968
2794
2795
2796
2000
3740
2011
1091
570
1412
745
750
903
1292
1446
2276
3239
3410
1677
2626
3429
3289
232
247
3617
3626
3498
3649
290
2865
3827
3830
1300
3851
3859
3862
3880
3894
1361
2351
3302
3317
3319
101
3320
3181
111
1734
3359
3362
154
3514
2575
3531
190
3556
1952
3569
3571
1034
501
3728
3730
3903
1225
3914
1230
2971
1233
2973
2044
3787
2076
3029
1291
3062
3266
3425
2659
246
1189
1191
1192
1196
2150
3104
3142
3197
307
164
1954
3576
2944
2947
2019
1218
1221
1222
1242
1252
581
2206
1415
1278
1281
759
900
904
906
909
1299
910
913
914
920
922
923
926
936
3075
942
950
954
955
959
969
978
3251
2467
206
3286
1892
1103
3645
1104
2859
2863
3668
3677
2875
492
496
1176
1185
2184
3134
3159
2502
898
899
123
1743
2550
2726
2730
2731
2732
1938
335
199
348
1028
3735
1056
1203
1207
1217
1077
549
1224
1086
2972
1235
3000
1667
2857
1304
1172
2300
3307
1566
2521
1244
2092
3054
783
1474
239
3624
2687
2142
2354
2566
2096
1298
3201
3073
3496
2384
3198
3946
3016
3017
2082
2461
3264
3273
2633
2648
3662
606
1346
1355
879
2515
2517
2519
1005
2782
2787
1985
2789
1991
3921
3922
3923
3926
3927
3928
2987
719
2050
3937
2991
1256
3799
3001
2
3004
3942
3008
2060
1405
2065
592
594
596
2072
1426
2085
1429
1283
2087
1285
2089
3031
3034
2090
2095
2099
1440
1441
3053
2252
1456
784
2403
1605
3064
1460
1468
2410
3213
3070
2414
3071
2416
2273
2278
1476
944
945
2421
3225
3082
3087
3088
1485
953
1489
2431
2292
2297
2447
3254
1655
2605
2606
2462
2468
1666
2469
2622
1682
2488
218
3435
3439
1835
2496
224
2498
3440
3441
2645
235
3450
3452
3453
3454
1854
3462
2806
1862
1866
250
256
258
3611
3615
3616
3477
3479
267
3622
2822
2826
3483
2828
410
2683
413
3489
275
276
3638
3646
437
441
3661
2860
3663
3664
3665
2864
3669
3671
3675
466
610
2883
611
3688
1148
2888
616
2889
478
3838
486
487
3840
3841
1302
493
494
497
2110
2115
1313
2119
1171
2121
3861
2123
2124
3869
653
656
801
2137
3877
2139
3879
663
809
2140
2141
1340
2143
810
2148
1347
3889
818
3896
829
2301
1503
2161
2162
2163
2169
691
838
2315
1513
1517
1372
1373
840
842
1378
1379
1389
2193
2195
3146
870
2350
1550
3155
3156
881
888
2500
2504
2368
2513
1713
2516
105
2379
107
3324
3326
1722
2380
2381
2382
2383
112
2385
1587
1588
3190
2394
122
2395
2398
126
2541
135
2552
1753
2556
145
2702
3365
2709
1762
3511
2713
2717
2572
2574
163
169
2723
1924
177
2735
3396
1792
3397
2596
2597
180
1007
1945
10
333
12
15
1010
1011
1014
1016
1018
2759
2900
2902
1020
1021
2761
1022
3564
3565
1024
1025
351
353
358
2913
1030
3719
1032
2772
1033
1975
507
1978
362
2926
1981
511
1983
513
1984
1047
2788
372
3591
520
1993
1995
1996
63
387
2001
3743
2004
3744
2006
1208
3752
2014
3754
2015
2016
3759
542
543
81
88
89
3900
3901
3760
1223
1083
552
555
1089
558
93
94
2031
3771
2035
700
3775
3776
2974
2038
1090
2976
2978
2979
709
569
2040
2041
2042
2985
2048
2882
2555
2593
2907
2036
1251
720
1260
1266
599
3030
1293
1449
2402
930
3076
2289
3092
965
2600
3265
3470
3819
837
3168
3188
1955
1956
2905
57
1204
3746
1212
548
3936
1250
3792
1262
1263
1264
2067
1287
3037
3038
929
3069
938
3221
2420
3089
3090
3091
963
1649
971
3406
3260
3267
3412
3414
3424
1695
3446
242
3461
3469
2677
3628
3629
452
456
3811
3814
1131
2871
1132
3683
1144
615
1301
1303
3845
2112
1173
3873
674
681
3105
1362
2183
3135
3152
3154
3167
2370
3341
2565
150
162
1939
3543
1940
1943
3548
1944
1949
1950
1953
1957
1960
2932
2934
3742
2018
1078
82
85
2967
2970
2981
1246
3788
2208
1702
2524
1408
741
1275
1277
1175
2194
861
2344
2542
2583
175
3763
737
1411
1274
748
1425
1427
2231
1438
3040
3041
3042
2245
786
3208
2408
2265
2269
2412
1615
1616
1627
3243
1647
2450
2457
3262
1805
1665
996
2615
2471
2625
1681
1833
227
2642
2643
234
1858
2808
422
429
431
434
436
293
2851
445
448
1120
451
459
3810
2879
464
2880
471
3691
481
485
2109
637
1367
836
1515
1518
2322
2325
1380
1382
1385
3157
3308
3316
2518
2373
2528
1729
1598
2540
1752
3502
3363
2568
151
1769
1772
303
305
3525
327
3544
193
20
1967
2779
44
514
370
517
373
379
521
535
537
71
2953
1216
3764
3765
550
3770
3918
3919
565
1243
905
916
933
947
2117
3516
3384
2013
3929
2053
927
2448
280
880
3546
338
532
1254
725
728
4
1401
9
2071
1276
743
747
3032
1431
2091
3043
2401
1601
3060
1465
1613
2271
3074
940
1479
1621
1622
2429
957
2433
1636
1495
1498
2442
1646
3250
1650
1654
980
1801
1804
3268
990
991
2611
1810
3270
3271
2472
1670
201
1672
204
1679
3285
1687
1689
1839
1693
1699
1840
248
2807
3464
3466
3467
1863
2669
255
2816
2817
2818
2672
408
2681
414
415
416
1887
418
419
3639
3494
420
421
424
282
1102
430
433
438
3654
455
458
3681
3682
2884
470
473
479
2893
627
1305
1167
2116
3857
1170
1317
3864
3871
805
806
1199
667
2149
814
1359
3103
833
692
839
694
2311
2170
2317
1526
2334
3137
1390
1399
3141
3145
882
885
2507
1707
2365
893
2526
1726
1581
2386
1589
1730
1731
2392
1599
2549
1750
146
3507
1760
3367
3368
157
159
1914
2718
1919
2579
166
315
170
1788
174
2734
2594
2598
181
1799
1003
14
191
2752
1017
340
26
1023
1027
350
354
355
2771
42
3723
2921
2922
3584
516
374
54
3593
522
3598
2798
2799
383
65
66
69
1205
2008
2009
1061
2949
531
533
393
394
2951
544
2021
2027
3769
2968
553
3773
3774
702
1093
564
1245
714
2665
2010
3124
3325
3
467
158
3700
1099
875
3784
3789
2988
571
3931
3934
3790
2052
3795
2994
1255
2998
2999
3002
2200
2201
2202
2203
3947
2062
2066
731
2068
1267
3011
3013
2070
3019
1416
2074
1272
1273
744
1279
746
3022
1423
3028
1280
2083
2084
1428
751
1289
901
2239
1437
760
1295
907
1296
764
2241
3046
3047
2246
911
3049
1445
915
771
779
1450
1453
1454
921
1455
1458
928
3200
3061
3066
3067
1463
3068
1464
931
2267
932
934
935
937
1612
2415
2418
1619
3078
3079
1475
943
946
948
949
3224
2283
3086
2284
1482
2285
1484
1486
952
1487
958
2430
1632
3093
3094
2439
3096
3097
3098
1496
2440
3244
1640
1648
970
973
974
976
1658
987
988
3401
3405
2463
997
2612
2613
1812
3417
2618
202
2475
2476
3422
2620
2621
2627
2481
3284
2482
2483
1827
211
3287
1684
3296
1696
3445
1844
1846
3451
3457
2656
1856
240
3468
2666
2667
257
3612
2810
2815
2670
3473
3475
2675
1874
405
409
268
2820
3627
417
3637
3491
2837
2691
2696
2697
425
1896
287
2843
2844
1105
2847
2848
294
295
1112
444
446
447
3801
1124
2866
2870
2873
3678
465
469
3822
3823
3824
2885
613
617
476
3831
3833
3834
3836
1151
3693
1152
1153
1154
621
2894
2897
483
2102
2104
1160
1162
630
631
632
633
638
495
498
499
3852
2114
3854
3855
1178
1322
1325
1328
650
1184
652
1186
3870
3872
3874
2135
2138
803
665
3885
1344
3886
670
2154
2157
680
685
687
688
2303
3106
1502
1504
1507
2168
695
697
3111
2312
2313
3117
2171
844
3121
3122
3129
2182
1529
850
2186
2187
3133
1535
2339
1537
2197
1395
1398
2340
3144
1542
1543
3149
2349
1549
2501
3162
2506
2360
3309
3163
2361
892
896
897
3171
1571
1572
1574
3179
3327
2525
3185
113
2388
118
3334
1733
121
3196
2397
2399
3340
3342
3343
3347
1755
1900
3506
3360
2704
3509
3364
1906
3366
1767
155
2715
1913
3519
1771
302
3379
306
308
167
3521
2727
2728
2729
1927
1782
2585
1783
3532
1933
1934
1935
3394
1936
2739
1937
1941
3547
2745
1946
2749
1948
334
336
2750
1012
3554
347
28
3562
2764
1962
1963
1964
2769
352
33
35
3713
3718
3573
3574
2919
2774
2775
3579
506
41
49
2920
3724
2924
3581
2925
2927
2785
3588
519
58
59
3733
2933
2935
1050
3738
2936
1051
3739
2937
1053
1054
3599
389
68
3741
2940
1202
2943
2945
2946
2948
1066
534
1068
1069
390
391
397
1211
3758
1071
3902
3909
2024
2962
3766
3767
1226
3768
2029
1227
1228
1082
2969
1085
1087
559
96
2033
1231
2034
1232
1237
1238
1096
566
568
3920
3924
3925
3780
2045
3786
2049
2204
3007
1494
1881
3634
2314
1545
1575
313
13
31
233
299
1147
37
363
1620
2280
3272
3618
3858
3895
3797
2856
2376
2757
918
956
2877
1187
3549
79
1081
2531
3606
2147
3375
2434
3938
735
3063
2419
2460
2465
2854
3679
3835
482
662
1523
2348
3165
3715
1998
2057
2250
3430
263
3497
2136
2180
1727
1008
1013
365
2017
2043
986
3844
2409
2411
3447
678
2059
1822
3843
1592
574
3791
2069
2240
1611
3223
3403
1816
2474
3423
1836
1859
3478
1150
2522
1758
2725
3391
3392
2736
2590
3707
1609
1055
3095
2310
1595
1015
2436
2306
3120
1703
102
2587
182
999
1671
2128
1910
3518
523
279
846
3199
1932
1067
84
2609
2357
1837
238
3689
116
1413
2236
2400
798
3214
1806
993
205
241
274
463
612
619
813
3109
1363
3395
1791
3714
2914
505
381
536
86
710
1631
3238
3420
3428
1841
1869
3482
1161
2520
2536
2390
3194
1744
314
1004
3557
3736
540
2975
1439
2422
502
2260
2473
3444
3695
1330
3710
1979
3230
2819
3812
3126
3537
2676
3825
2188
3596
2337
2989
2993
941
2660
2663
3633
3635
3658
2899
3139
2535
1931
3551
3726
3729
2495
3725
2610
213
3304
2577
2977
715
2237
3077
3241
2637
2638
3653
3503
1209
2437
3128
319
369
2996
2493
2682
1177
3125
1759
1929
326
1942
3720
2432
1865
3813
114
2582
2812
1797
2282
1306
3169
187
2751
30
2151
3350
1406
776
214
2630
2494
1860
2674
3820
645
1533
2711
2573
309
3540
341
2766
503
1063
83
1236
1324
831
1606
3696
298
1174
1419
3036
3051
3204
2426
1829
1898
108
2758
99
3935
3676
2891
2693
3310
2559
1111
851
1701
87
3217
2286
3643
3853
2177
1006
2983
3950
3912
2756
3209
3275
3597
3761
2965
2741
2753
583
2813
269
2689
2129
2323
2192
2708
1058
556
2990
1410
1432
765
1442
2264
3404
209
271
2852
462
2165
886
704
2132
3796
3055
1471
2425
2607
1669
1879
1312
3867
3115
1519
3158
3182
3183
3192
2544
2545
137
2561
2586
1798
388
3756
2960
3804
3807
1525
2748
1031
3613
3680
2846
2097
1604
1472
1626
3235
1497
2458
1668
998
1824
1848
1855
259
411
1889
2862
1123
600
2886
489
3846
2122
835
2189
2196
2347
1546
876
1563
132
147
152
3387
1785
188
23
3716
2928
60
384
547
2022
1098
2212
3015
2075
2086
2238
766
3045
917
3211
3222
2435
1493
982
1814
1853
3459
3604
1864
262
1880
2839
472
659
2131
1190
1351
1508
1365
1369
3112
3118
2173
2176
841
2181
3151
1567
1728
117
1596
136
1904
156
3374
171
178
2738
331
3550
2767
1038
2923
2781
510
2929
2784
2939
386
3749
1241
753
3939
2992
3940
3941
2077
3021
3026
3027
1433
3058
2256
3416
2614
2634
2635
2636
2646
2647
2649
2650
2651
2652
2653
2654
2655
3488
3490
2853
2868
2878
3832
3694
3847
3849
1323
1326
1329
3875
1335
1337
2178
848
2362
3344
3346
3351
1756
2740
2903
3572
2780
1980
3587
1988
1989
2790
1990
3757
1076
3772
3777
2982
3012
3014
3048
2257
781
2417
2290
2809
254
3619
3632
1149
1194
1366
869
3140
3306
2511
3559
3577
528
2032
561
3415
668
669
3487
2896
189
1163
55
2938
3883
3570
3010
1893
1547
3370
1870
321
3399
722
2341
210
3692
1168
2051
2205
761
3492
3345
1925
2037
3281
2073
2330
2449
2499
3480
3673
2103
3848
635
3127
3138
103
3393
27
2786
375
61
2963
3913
705
2219
2164
2714
575
243
2152
867
38
961
1926
3437
2678
2874
3586
598
563
3659
2445
984
1811
1825
3600
639
1397
3330
718
580
729
3944
2063
730
758
2233
2234
3050
3218
2275
2441
1651
1659
1809
1664
2486
245
2673
1872
264
2825
3636
3495
283
2850
1116
1119
640
649
672
682
2305
2307
698
3116
847
1522
2326
862
877
1551
2503
895
1570
106
1725
2557
148
149
2705
301
1922
184
197
2760
2765
2911
53
525
526
385
72
80
90
567
925
3539
1417
1902
1686
484
711
1516
40
577
8
2210
962
2835
2842
2876
460
609
618
808
3892
828
2172
2179
1582
120
1739
3371
1928
1930
343
3721
3580
2534
2695
1746
2255
2487
3672
3674
3240
2190
1180
807
1661
78
3590
2904
1501
2209
3884
3110
3567
3906
703
3003
443
2056
964
967
2661
2814
2823
3486
3642
3806
3878
3335
2055
767
972
1113
641
1796
2298
1444
793
1850
3657
3816
1138
626
1169
3850
2185
2342
2538
2776
1436
769
1447
1473
960
985
1662
1675
3427
3602
3605
3610
2824
1899
1114
602
614
488
1310
2345
2523
3180
1585
124
129
131
1749
2576
2733
3542
1044
2007
98
1826
1867
192
3431
217
1656
1117
2869
2127
2175
887
2773
712
1509
1857
3737
2831
2356
2358
1692
2211
2227
2281
2466
3432
3433
3449
1849
3465
251
3805
1121
1181
1511
3311
3329
3339
2562
2737
325
3734
3442
3205
3839
3520
3056
3161
2477
291
1861
2479
401
3143
3372
2207
2215
2221
3640
854
2512
3131
3276
1565
304
219
3305
212
1383
554
75
3945
3292
3891
3898
2191
3380
2754
77
643
811
860
128
755
3419
2632
3655
3808
3888
823
3338
2744
406
2619
320
716
1602
2158
2242
1877
2509
1349
359
1657
3722
2101
1583
3781
3782
3400
1421
2098
2293
3817
2537
2563
3905
3670
3711
853
1026
324
3904
1490
992
1548
2452
1891
2768
3517
824
2984
3601
2892
97
3313
3331
754
2800
1793
3322
2061
3303
119
1807
297
3887
1531
1715
3389
183
2743
2755
2778
200
3390
2964
3644
573
579
734
756
2235
789
939
796
3212
3216
2277
3220
1630
977
1652
3407
2608
2484
3294
1852
3463
3621
2821
2830
3493
3641
1115
1118
3667
601
3828
1142
1145
3687
2887
623
644
3866
651
3876
660
664
666
3899
2304
696
1510
1386
859
2332
3136
1553
1558
3166
3312
1718
3321
142
1908
1764
2569
2584
1787
2742
3575
1040
3731
392
3778
3283
1311
3245
3085
2464
3585
863
2578
3402
2047
3349
1817
2602
1685
3434
1538
1539
3748
1528
228
2591
3595
3474
815
3523
3132
2254
3625
2299
834
1520
3333
775
3282
244
2855
864
1420
1780
726
684
690
1534
3652
3119
1773
1000
3563
3277
2658
3666
3592
3522
3295
1164
3377
2931
557
560
3458
706
2226
1384
1878
1815
2444
2834
3353
3288
3860
3352
1770
398
3933
989
3184
2685
3803
1532
966
3232
874
1886
2592
657
2510
3890
1890
56
2039
749
3818
582
642
3297
2930
1720
3057
2079
3472
130
139
3025
2955
732
3485
3648
790
1915
2833
1903
1714
1561
2244
1871
3314
3242
3533
3207
1851
1830
787
3293
3881
757
2895
3187
1107
889
1470
981
2156
310
679
1741
1901
872
3381
1555
3443
3215
1724
2223
2777
3233
3237
2783
3762
3065
3631
3603
3800
572
2213
2217
3202
975
3376
311
2679
1905
67
2258
2623
3236
396
868
1002
3413
1316
878
226
2811
827
584
1820
607
1514
701
2214
763
3229
2631
820
884
3337
138
3378
530
1070
3460
3123
3228
3651
133
3290
1709
3164
3315
1832
439
3609
134
1039
1139
2309
3084
2218
2308
624
1868
404
2480
